2 
zp.copy:  6.156364 
p.e:  0.2263502 
shape.e:  7.058696 
u.v:  21.69705 
var.v:  24.02451 
26757.49 82.25707 1.948158 0.1094345 0.0101068
0.001302679 0.0002145586 4.282249e-05 1.000459e-05 2.67169e-06
8.016762e-07 2.668769e-07 9.761088e-08 3.892774e-08 1.682533e-08
7.842972e-09 3.927002e-09 2.10499e-09 1.204549e-09 7.340842e-10
4.754734e-10 3.267367e-10 2.378445e-10 1.831589e-10 1.490333e-10
1.279959e-10 1.159176e-10 1.105957e-10 1.110632e-10 1.172786e-10
1.30053e-10 1.511654e-10 1.835549e-10 2.314109e-10 2.99293e-10
3.88197e-10 4.865174e-10 5.618109e-10 5.781853e-10 5.334732e-10
